	(1)	(2)	(3)	(4)	(5)	(6)	(7)	(8)	(9)	(10)	(11)	(12)	(13)	(14)	(15)	(16)	(17)	(18)	(19)	(20)	(21)	(22)	(23)	(24)	(25)	(26)	(27)	(28)	(29)	(30)	(31)	(32)	(33)	(34)	(35)	(36)	(37)	(38)	(39)	(40)	(41)	(42)	(43)	(44)	(45)	(46)	(47)	(48)	(49)	(50)	(51)	(52)	(53)	(54)	(55)	(56)	(57)	(58)	(59)	(60)
VARIABLES	pchome_r2	pchome_r2	pchome_r2	pcuweek_r2	pcuweek_r2	pcuweek_r2	pcuyest_r2	pcuyest_r2	pcuyest_r2	stxo_r2	stxo_r2	stxo_r2	stpcotskill_r2	stpcotskill_r2	stpcotskill_r2	stpcsrskill_r2	stpcsrskill_r2	stpcsrskill_r2	straven_r2	straven_r2	straven_r2	friendh_r2	friendh_r2	friendh_r2	efforth_r2	efforth_r2	efforth_r2	eduexpt_r2	eduexpt_r2	eduexpt_r2	pchome_r2	pchome_r2	pchome_r2	pcuweek_r2	pcuweek_r2	pcuweek_r2	pcuyest_r2	pcuyest_r2	pcuyest_r2	stxo_r2	stxo_r2	stxo_r2	stpcotskill_r2	stpcotskill_r2	stpcotskill_r2	stpcsrskill_r2	stpcsrskill_r2	stpcsrskill_r2	straven_r2	straven_r2	straven_r2	friendh_r2	friendh_r2	friendh_r2	efforth_r2	efforth_r2	efforth_r2	eduexpt_r2	eduexpt_r2	eduexpt_r2
																																																												
pchome_r1			0.48																														0.48																											
			(0.03)***																														(0.03)***																											
loswfnd			0.01			0.02			-0.00			0.08			0.07			0.01			-0.02			0.03			-0.00			-0.01			0.01			0.02			-0.00			0.08			0.07			0.01			-0.02			0.03			-0.00			-0.01
			(0.02)			(0.02)			(0.02)			(0.04)*			(0.04)			(0.04)			(0.04)			(0.03)			(0.03)			(0.02)			(0.02)			(0.02)			(0.02)			(0.04)*			(0.04)			(0.04)			(0.04)			(0.03)			(0.03)			(0.02)
wfrndtotplott_r1			0.01			-0.00			0.01			0.05			0.04			0.03			0.03			0.03			0.03			0.02			0.01			-0.00			0.01			0.05			0.04			0.03			0.03			0.03			0.03			0.02
			(0.00)			(0.00)			(0.01)			(0.01)***			(0.01)***			(0.01)**			(0.01)***			(0.00)***			(0.00)***			(0.01)***			(0.00)			(0.00)			(0.01)			(0.01)***			(0.01)***			(0.01)**			(0.01)***			(0.00)***			(0.00)***			(0.01)***
male_r2			0.01			0.04			0.06			0.11			0.12			0.26			0.01			0.01			-0.04			-0.03			0.01			0.04			0.06			0.11			0.12			0.26			0.01			0.01			-0.04			-0.03
			(0.02)			(0.01)***			(0.02)***			(0.06)*			(0.03)***			(0.05)***			(0.05)			(0.03)			(0.03)			(0.02)			(0.02)			(0.01)***			(0.02)***			(0.06)*			(0.03)***			(0.05)***			(0.05)			(0.03)			(0.03)			(0.02)
age_r2			-0.00			0.01			0.00			-0.03			-0.02			0.04			-0.01			0.00			-0.00			-0.06			-0.00			0.01			0.00			-0.03			-0.02			0.04			-0.01			0.00			-0.00			-0.06
			(0.01)			(0.01)*			(0.01)			(0.02)			(0.03)			(0.02)*			(0.03)			(0.01)			(0.01)			(0.01)***			(0.01)			(0.01)*			(0.01)			(0.02)			(0.03)			(0.02)*			(0.03)			(0.01)			(0.01)			(0.01)***
sibling_r2			0.01			-0.00			0.00			0.01			-0.02			-0.00			-0.02			0.01			-0.00			-0.01			0.01			-0.00			0.00			0.01			-0.02			-0.00			-0.02			0.01			-0.00			-0.01
			(0.00)			(0.01)			(0.01)			(0.02)			(0.01)*			(0.01)			(0.02)			(0.01)			(0.01)			(0.01)			(0.00)			(0.01)			(0.01)			(0.02)			(0.01)*			(0.01)			(0.02)			(0.01)			(0.01)			(0.01)
ysibling_r2			-0.01			-0.00			-0.01			0.03			-0.02			-0.05			-0.02			-0.01			-0.02			-0.01			-0.01			-0.00			-0.01			0.03			-0.02			-0.05			-0.02			-0.01			-0.02			-0.01
			(0.01)			(0.01)			(0.01)			(0.03)			(0.02)			(0.03)*			(0.02)			(0.01)			(0.01)***			(0.01)			(0.01)			(0.01)			(0.01)			(0.03)			(0.02)			(0.03)*			(0.02)			(0.01)			(0.01)***			(0.01)
fathlivh_r2			0.02			0.01			0.02			-0.08			-0.08			-0.07			0.06			-0.03			-0.04			0.02			0.02			0.01			0.02			-0.08			-0.08			-0.07			0.06			-0.03			-0.04			0.02
			(0.02)			(0.01)			(0.03)			(0.06)			(0.06)			(0.05)			(0.06)			(0.02)			(0.01)***			(0.02)			(0.02)			(0.01)			(0.03)			(0.06)			(0.06)			(0.05)			(0.06)			(0.02)			(0.01)***			(0.02)
fathwout_r2			0.04			-0.01			0.01			0.09			0.13			0.12			-0.02			0.07			0.03			0.05			0.04			-0.01			0.01			0.09			0.13			0.12			-0.02			0.07			0.03			0.05
			(0.03)			(0.02)			(0.03)			(0.09)			(0.08)			(0.06)*			(0.03)			(0.02)**			(0.04)			(0.03)*			(0.03)			(0.02)			(0.03)			(0.09)			(0.08)			(0.06)*			(0.03)			(0.02)**			(0.04)			(0.03)*
mothwout_r2			0.01			0.01			0.00			0.05			0.02			0.01			-0.02			-0.00			-0.05			-0.05			0.01			0.01			0.00			0.05			0.02			0.01			-0.02			-0.00			-0.05			-0.05
			(0.02)			(0.01)			(0.01)			(0.06)			(0.04)			(0.05)			(0.05)			(0.02)			(0.02)***			(0.02)**			(0.02)			(0.01)			(0.01)			(0.06)			(0.04)			(0.05)			(0.05)			(0.02)			(0.02)***			(0.02)**
pcuweek_r1						0.07																														0.07																								
						(0.03)**																														(0.03)**																								
pcuyest_r1									0.11																														0.11																					
									(0.02)***																														(0.02)***																					
stpcotskill_r1															0.26																														0.26															
															(0.02)***																														(0.02)***															
stpcsrskill_r1																		0.31																														0.31												
																		(0.02)***																														(0.02)***												
straven_r1																					0.52																														0.52									
																					(0.03)***																														(0.03)***									
friendh_r1																								0.36																														0.36						
																								(0.04)***																														(0.04)***						
efforth_r1																											0.47																														0.47			
																											(0.02)***																														(0.02)***			
eduexpt_r1																														0.49																														0.49
																														(0.03)***																														(0.03)***
Constant	0.52	0.48	0.22	0.91	0.90	0.69	0.73	0.73	0.53	0.07	-0.09	-0.08	0.07	-0.09	-0.06	0.03	-0.04	-0.63	0.03	-0.04	0.05	0.61	0.47	0.15	0.52	0.40	0.27	0.69	0.57	0.81	0.52	0.48	0.22	0.91	0.90	0.69	0.73	0.73	0.53	0.07	-0.09	-0.08	0.07	-0.09	-0.06	0.03	-0.04	-0.63	0.03	-0.04	0.05	0.61	0.47	0.15	0.52	0.40	0.27	0.69	0.57	0.81
	(0.01)	(0.02)	(0.14)	(0.01)	(0.01)	(0.07)***	(0.01)	(0.01)	(0.16)***	(0.03)	(0.03)	(0.22)	(0.03)	(0.03)	(0.29)	(0.03)	(0.03)	(0.19)***	(0.03)	(0.03)	(0.28)	(0.01)	(0.02)	(0.11)	(0.01)	(0.02)	(0.07)***	(0.01)	(0.02)	(0.10)***	(0.01)	(0.02)	(0.14)	(0.01)	(0.01)	(0.07)***	(0.01)	(0.01)	(0.16)***	(0.03)	(0.03)	(0.22)	(0.03)	(0.03)	(0.29)	(0.03)	(0.03)	(0.19)***	(0.03)	(0.03)	(0.28)	(0.01)	(0.02)	(0.11)	(0.01)	(0.02)	(0.07)***	(0.01)	(0.02)	(0.10)***
																																																												
Observations	1,237	1,004	2,241	1,207	986	2,193	1,237	1,004	2,241	1,198	955	2,153	1,237	1,004	2,241	1,237	1,004	2,241	1,163	938	2,101	1,208	986	2,194	1,208	986	2,194	1,204	986	2,190	1,237	1,004	2,241	1,207	986	2,193	1,237	1,004	2,241	1,198	955	2,153	1,237	1,004	2,241	1,237	1,004	2,241	1,163	938	2,101	1,208	986	2,194	1,208	986	2,194	1,204	986	2,190
R-squared	0.00	0.00	0.33	0.00	0.00	0.14	0.00	0.00	0.18	0.00	0.00	0.25	0.00	0.00	0.22	0.00	0.00	0.28	0.00	0.00	0.40	0.00	0.00	0.34	0.00	0.00	0.40	0.00	0.00	0.44	0.00	0.00	0.33	0.00	0.00	0.14	0.00	0.00	0.18	0.00	0.00	0.25	0.00	0.00	0.22	0.00	0.00	0.28	0.00	0.00	0.40	0.00	0.00	0.34	0.00	0.00	0.40	0.00	0.00	0.44
Standard errors in parentheses																																																												
